         200
   4.88636278E-39     0.00000000         0.00000000         0.00000000         0.00000000      
   0.00000000         0.00000000         0.00000000         0.00000000         0.00000000      
   0.00000000         0.00000000         0.00000000         0.00000000         0.00000000      
   0.00000000         0.00000000         0.00000000         0.00000000         0.00000000      
   0.00000000         0.00000000         0.00000000         0.00000000         0.00000000      
   0.00000000         0.00000000         0.00000000         0.00000000         0.00000000      
   0.00000000         0.00000000         0.00000000         0.00000000         0.00000000      
   0.00000000         0.00000000         0.00000000         0.00000000         0.00000000      
   0.00000000         0.00000000         0.00000000         0.00000000         0.00000000      
   0.00000000         0.00000000         0.00000000         0.00000000         0.00000000      
   0.00000000         0.00000000         0.00000000         0.00000000         0.00000000      
   0.00000000         0.00000000         0.00000000         0.00000000         0.00000000      
   0.00000000         0.00000000         0.00000000         0.00000000         0.00000000      
   0.00000000         0.00000000         0.00000000         0.00000000         0.00000000      
   0.00000000         0.00000000         0.00000000         0.00000000         0.00000000      
   0.00000000         0.00000000         0.00000000         0.00000000         0.00000000      
   0.00000000         0.00000000         0.00000000         0.00000000         0.00000000      
   0.00000000         0.00000000         0.00000000         0.00000000         0.00000000      
   0.00000000         0.00000000         0.00000000         0.00000000         0.00000000      
   0.00000000         0.00000000         0.00000000         0.00000000         0.00000000      
   0.00000000         0.00000000         0.00000000         0.00000000         0.00000000      
   0.00000000         0.00000000         0.00000000         0.00000000         0.00000000      
   0.00000000         0.00000000         0.00000000         0.00000000         0.00000000      
   0.00000000         0.00000000         0.00000000         0.00000000         0.00000000      
   0.00000000         0.00000000         0.00000000         0.00000000         0.00000000      
   0.00000000         0.00000000         0.00000000         0.00000000         0.00000000      
   0.00000000         0.00000000         0.00000000         0.00000000         0.00000000      
   0.00000000         0.00000000         0.00000000         0.00000000         0.00000000      
   0.00000000         0.00000000         0.00000000         0.00000000         0.00000000      
   0.00000000         0.00000000         0.00000000         0.00000000         0.00000000      
   0.00000000         0.00000000         0.00000000         0.00000000         0.00000000      
   0.00000000         0.00000000         0.00000000         0.00000000         0.00000000      
   0.00000000         0.00000000         0.00000000         0.00000000         0.00000000      
   0.00000000         0.00000000         0.00000000         0.00000000         0.00000000      
   0.00000000         0.00000000         0.00000000         0.00000000         0.00000000      
   0.00000000         0.00000000         0.00000000         0.00000000         0.00000000      
   0.00000000         0.00000000         0.00000000         0.00000000         0.00000000      
   0.00000000         0.00000000         0.00000000         0.00000000         0.00000000      
   0.00000000         0.00000000         0.00000000         0.00000000         0.00000000      
   0.00000000         0.00000000         0.00000000         0.00000000         0.00000000      
   0.00000000         0.00000000         0.00000000         0.00000000         0.00000000      
   0.00000000         0.00000000         0.00000000         0.00000000         0.00000000      
   0.00000000         0.00000000         0.00000000         0.00000000         0.00000000      
   0.00000000         0.00000000         0.00000000         0.00000000         0.00000000      
   0.00000000         0.00000000         0.00000000         0.00000000         0.00000000      
   0.00000000         0.00000000         0.00000000         0.00000000         0.00000000      
   0.00000000         0.00000000         0.00000000         0.00000000         0.00000000      
   0.00000000         0.00000000         0.00000000         0.00000000         0.00000000      
   0.00000000         0.00000000         0.00000000         0.00000000         0.00000000      
   0.00000000         0.00000000         0.00000000         0.00000000         0.00000000      
   0.00000000         0.00000000         0.00000000         0.00000000         0.00000000      
   0.00000000         0.00000000         0.00000000         0.00000000         0.00000000      
   0.00000000         0.00000000         0.00000000         0.00000000         0.00000000      
   0.00000000         0.00000000         0.00000000         0.00000000         0.00000000      
   0.00000000         0.00000000         0.00000000         0.00000000         0.00000000      
   0.00000000         0.00000000         0.00000000         0.00000000         0.00000000      
   0.00000000         0.00000000         0.00000000         0.00000000         0.00000000      
   0.00000000         0.00000000         0.00000000         0.00000000         0.00000000      
   0.00000000         0.00000000         0.00000000         0.00000000         1.42933845E-40  
   0.00000000         0.00000000         0.00000000         0.00000000         0.00000000      
   0.00000000         0.00000000         0.00000000         0.00000000         0.00000000      
   0.00000000         0.00000000         0.00000000         0.00000000         0.00000000      
   0.00000000         0.00000000         0.00000000         0.00000000         0.00000000      
   0.00000000         0.00000000         0.00000000         1.42933845E-40     0.00000000      
   0.00000000         0.00000000         0.00000000         0.00000000         0.00000000      
   0.00000000         0.00000000         0.00000000         0.00000000         0.00000000      
   0.00000000         0.00000000         0.00000000         0.00000000         0.00000000      
   0.00000000         0.00000000         0.00000000         0.00000000         0.00000000      
   0.00000000         0.00000000         1.42933845E-40     0.00000000         0.00000000      
   0.00000000         0.00000000         0.00000000         0.00000000         0.00000000      
   0.00000000         0.00000000         0.00000000         0.00000000         0.00000000      
   0.00000000         0.00000000         0.00000000         0.00000000         0.00000000      
   0.00000000         0.00000000         0.00000000         0.00000000         0.00000000      
   0.00000000         1.42933845E-40     0.00000000         0.00000000         0.00000000      
   0.00000000         0.00000000         0.00000000         0.00000000         0.00000000      
   0.00000000         0.00000000         0.00000000         0.00000000         0.00000000      
   0.00000000         0.00000000         0.00000000         0.00000000         0.00000000      
   0.00000000         0.00000000         0.00000000         0.00000000         0.00000000      
   1.42933845E-40     0.00000000         0.00000000         0.00000000         0.00000000      
   0.00000000         0.00000000         0.00000000         0.00000000         0.00000000      
   0.00000000         0.00000000         0.00000000         0.00000000         0.00000000      
   0.00000000         0.00000000         0.00000000         0.00000000         0.00000000      
   0.00000000         0.00000000         0.00000000         0.00000000         0.00000000      
   0.00000000         0.00000000         0.00000000         0.00000000         0.00000000      
   0.00000000         0.00000000         0.00000000         0.00000000         0.00000000      
   0.00000000         0.00000000         0.00000000         0.00000000         0.00000000      
   0.00000000         0.00000000         0.00000000         0.00000000         0.00000000      
   0.00000000         0.00000000         0.00000000         0.00000000         0.00000000      
   0.00000000         0.00000000         0.00000000         0.00000000         0.00000000      
   0.00000000         0.00000000         0.00000000         0.00000000         0.00000000      
   0.00000000         0.00000000         0.00000000         0.00000000         0.00000000      
   0.00000000         0.00000000         0.00000000         0.00000000         0.00000000      
   0.00000000         0.00000000         0.00000000         0.00000000         0.00000000      
   0.00000000         0.00000000         0.00000000         0.00000000         0.00000000      
   0.00000000         0.00000000         0.00000000         0.00000000         0.00000000      
   0.00000000         0.00000000         0.00000000         0.00000000         0.00000000      
   0.00000000         0.00000000         0.00000000         0.00000000         0.00000000      
   0.00000000         0.00000000         0.00000000         0.00000000         0.00000000      
   0.00000000         0.00000000         0.00000000         0.00000000         0.00000000      
   0.00000000         0.00000000         0.00000000         0.00000000         0.00000000      
   0.00000000         0.00000000         0.00000000         0.00000000         0.00000000      
   0.00000000         0.00000000         0.00000000         0.00000000         0.00000000      
   0.00000000         0.00000000         0.00000000         0.00000000         0.00000000      
   0.00000000         0.00000000         0.00000000         0.00000000         0.00000000      
   0.00000000         0.00000000         0.00000000         0.00000000         0.00000000      
   0.00000000         0.00000000         0.00000000         0.00000000         0.00000000      
   0.00000000         0.00000000         0.00000000         0.00000000         0.00000000      
   0.00000000         0.00000000         0.00000000         0.00000000         0.00000000      
   0.00000000         0.00000000         0.00000000         0.00000000         0.00000000      
   0.00000000         0.00000000         0.00000000         0.00000000         0.00000000      
   0.00000000         0.00000000         0.00000000         0.00000000         0.00000000      
   0.00000000         0.00000000         0.00000000         0.00000000         0.00000000      
   0.00000000         0.00000000         0.00000000         0.00000000         0.00000000      
   0.00000000         0.00000000         0.00000000         0.00000000         0.00000000      
   0.00000000         0.00000000         0.00000000         0.00000000         0.00000000      
   0.00000000         0.00000000         0.00000000         0.00000000         0.00000000      
   0.00000000         0.00000000         0.00000000         0.00000000         0.00000000      
   0.00000000         0.00000000         0.00000000         0.00000000         0.00000000      
   0.00000000         0.00000000         0.00000000         0.00000000         0.00000000      
   0.00000000         0.00000000         0.00000000         0.00000000         0.00000000      
   0.00000000         0.00000000         0.00000000         0.00000000         0.00000000      
   0.00000000         0.00000000         0.00000000         0.00000000         0.00000000      
   0.00000000         0.00000000         0.00000000         0.00000000         0.00000000      
   0.00000000         0.00000000         0.00000000         0.00000000         0.00000000      
   0.00000000         0.00000000         0.00000000         0.00000000         0.00000000      
   0.00000000         0.00000000         0.00000000         0.00000000         0.00000000      
   0.00000000         0.00000000         0.00000000         0.00000000         0.00000000      
   0.00000000         0.00000000         0.00000000         0.00000000         0.00000000      
   0.00000000         0.00000000         0.00000000         0.00000000         0.00000000      
   0.00000000         0.00000000         0.00000000         0.00000000         0.00000000      
   0.00000000         0.00000000         0.00000000         0.00000000         0.00000000      
   0.00000000         0.00000000         0.00000000         0.00000000         0.00000000      
   0.00000000         0.00000000         0.00000000         0.00000000         0.00000000      
   0.00000000         0.00000000         0.00000000         0.00000000         0.00000000      
   0.00000000         0.00000000         0.00000000         0.00000000         0.00000000      
   0.00000000         0.00000000         0.00000000         0.00000000         0.00000000      
   0.00000000         0.00000000         0.00000000         0.00000000         0.00000000      
   0.00000000         0.00000000         0.00000000         0.00000000         0.00000000      
   0.00000000         0.00000000         0.00000000         0.00000000         0.00000000      
   0.00000000         0.00000000         0.00000000         0.00000000         0.00000000      
   0.00000000         0.00000000         0.00000000         0.00000000         0.00000000      
   0.00000000         0.00000000         0.00000000         0.00000000         0.00000000      
   0.00000000         0.00000000         0.00000000         0.00000000         0.00000000      
   0.00000000         0.00000000         0.00000000         0.00000000         0.00000000      
   0.00000000         0.00000000         0.00000000         0.00000000         0.00000000      
   0.00000000         0.00000000         0.00000000         0.00000000         0.00000000      
   0.00000000         0.00000000         0.00000000         0.00000000         0.00000000      
   0.00000000         0.00000000         0.00000000         0.00000000         0.00000000      
   0.00000000         0.00000000         0.00000000         0.00000000         0.00000000      
   0.00000000         0.00000000         0.00000000         0.00000000         0.00000000      
   0.00000000         0.00000000         0.00000000         0.00000000         0.00000000      
   0.00000000         0.00000000         0.00000000         0.00000000         0.00000000      
   0.00000000         0.00000000         0.00000000         0.00000000         0.00000000      
   0.00000000         0.00000000         0.00000000         0.00000000         0.00000000      
   0.00000000         0.00000000         0.00000000         0.00000000         0.00000000      
   0.00000000         0.00000000         0.00000000         0.00000000         0.00000000      
   0.00000000         0.00000000         0.00000000         0.00000000         0.00000000      
   0.00000000         0.00000000         0.00000000         0.00000000         0.00000000      
   0.00000000         0.00000000         0.00000000         0.00000000         0.00000000      
   0.00000000         0.00000000         0.00000000         0.00000000         0.00000000      
   0.00000000         0.00000000         0.00000000         0.00000000         0.00000000      
   0.00000000         0.00000000         0.00000000         0.00000000         0.00000000      
   0.00000000         0.00000000         0.00000000         0.00000000         0.00000000      
   0.00000000         0.00000000         0.00000000         0.00000000         0.00000000      
   0.00000000         0.00000000         0.00000000         0.00000000         0.00000000      
   0.00000000         0.00000000         0.00000000         0.00000000         0.00000000      
   0.00000000         0.00000000         0.00000000         0.00000000         0.00000000      
   0.00000000         0.00000000         0.00000000         0.00000000         0.00000000      
   0.00000000         0.00000000         0.00000000         0.00000000         0.00000000      
   0.00000000         0.00000000         0.00000000         0.00000000         0.00000000      
   0.00000000         0.00000000         0.00000000         0.00000000         0.00000000      
   0.00000000         0.00000000         0.00000000         0.00000000         0.00000000      
   0.00000000         0.00000000         0.00000000         0.00000000         0.00000000      
   0.00000000         0.00000000         0.00000000         0.00000000         0.00000000      
   0.00000000         0.00000000         0.00000000         0.00000000         0.00000000      
   0.00000000         0.00000000         0.00000000         0.00000000         0.00000000      
   0.00000000         0.00000000         0.00000000         0.00000000         0.00000000      
   0.00000000         0.00000000         0.00000000         0.00000000         0.00000000      
   0.00000000         0.00000000         0.00000000         0.00000000         0.00000000      
   0.00000000         0.00000000         0.00000000         0.00000000         0.00000000      
   0.00000000         0.00000000         0.00000000         0.00000000         0.00000000      
   0.00000000         0.00000000         0.00000000         0.00000000         0.00000000      
   0.00000000         0.00000000         0.00000000         0.00000000         0.00000000      
   0.00000000         0.00000000         0.00000000         0.00000000         0.00000000      
   0.00000000         0.00000000         0.00000000         0.00000000         0.00000000      
   0.00000000         0.00000000         0.00000000         0.00000000         0.00000000      
   0.00000000         0.00000000         0.00000000         0.00000000         0.00000000      
   0.00000000         0.00000000         0.00000000         0.00000000         0.00000000      
   0.00000000         0.00000000         0.00000000         0.00000000         0.00000000      
   0.00000000         0.00000000         0.00000000         0.00000000         0.00000000      
   0.00000000         0.00000000         0.00000000         0.00000000         0.00000000      
   0.00000000         0.00000000         0.00000000         0.00000000         0.00000000      
   0.00000000         0.00000000         0.00000000         0.00000000         0.00000000      
   0.00000000         0.00000000         0.00000000         0.00000000         0.00000000      
   0.00000000         0.00000000         0.00000000         0.00000000         0.00000000      
   0.00000000         0.00000000         0.00000000         0.00000000         0.00000000      
   0.00000000         0.00000000         0.00000000         0.00000000         0.00000000      
   0.00000000         0.00000000         0.00000000         0.00000000         0.00000000      
   0.00000000         0.00000000         0.00000000         0.00000000         0.00000000      
   0.00000000         0.00000000         0.00000000         0.00000000         0.00000000      

         300
   4.97748221E-39     0.00000000         0.00000000         0.00000000         0.00000000      
   0.00000000         0.00000000         0.00000000         0.00000000         0.00000000      
   0.00000000         0.00000000         0.00000000         0.00000000         0.00000000      
   0.00000000         0.00000000         0.00000000         0.00000000         0.00000000      
   0.00000000         0.00000000         0.00000000         0.00000000         0.00000000      
   0.00000000         0.00000000         0.00000000         0.00000000         0.00000000      
   0.00000000         0.00000000         0.00000000         0.00000000         0.00000000      
   0.00000000         0.00000000         0.00000000         0.00000000         0.00000000      
   0.00000000         0.00000000         0.00000000         0.00000000         0.00000000      
   0.00000000         0.00000000         0.00000000         0.00000000         0.00000000      
   0.00000000         0.00000000         0.00000000         0.00000000         0.00000000      
   0.00000000         0.00000000         0.00000000         0.00000000         0.00000000      
   0.00000000         0.00000000         0.00000000         0.00000000         0.00000000      
   0.00000000         0.00000000         0.00000000         0.00000000         0.00000000      
   0.00000000         0.00000000         0.00000000         0.00000000         0.00000000      
   0.00000000         0.00000000         0.00000000         0.00000000         0.00000000      
   0.00000000         0.00000000         0.00000000         0.00000000         0.00000000      
   0.00000000         0.00000000         0.00000000         0.00000000         0.00000000      
   0.00000000         0.00000000         0.00000000         0.00000000         0.00000000      
   0.00000000         0.00000000         0.00000000         0.00000000         0.00000000      
   0.00000000         0.00000000         0.00000000         0.00000000         0.00000000      
   0.00000000         0.00000000         0.00000000         0.00000000         0.00000000      
   0.00000000         0.00000000         0.00000000         0.00000000         0.00000000      
   0.00000000         0.00000000         0.00000000         0.00000000         0.00000000      
   0.00000000         0.00000000         0.00000000         0.00000000         0.00000000      
   0.00000000         0.00000000         0.00000000         0.00000000         0.00000000      
   0.00000000         0.00000000         0.00000000         0.00000000         0.00000000      
   0.00000000         0.00000000         0.00000000         0.00000000         0.00000000      
   0.00000000         0.00000000         0.00000000         0.00000000         0.00000000      
   0.00000000         0.00000000         0.00000000         0.00000000         0.00000000      
   0.00000000         0.00000000         0.00000000         0.00000000         0.00000000      
   0.00000000         0.00000000         0.00000000         0.00000000         0.00000000      
   0.00000000         0.00000000         0.00000000         0.00000000         0.00000000      
   0.00000000         0.00000000         0.00000000         0.00000000         0.00000000      
   0.00000000         0.00000000         0.00000000         0.00000000         0.00000000      
   0.00000000         0.00000000         0.00000000         0.00000000         0.00000000      
   0.00000000         0.00000000         0.00000000         0.00000000         0.00000000      
   0.00000000         0.00000000         0.00000000         0.00000000         0.00000000      
   0.00000000         0.00000000         0.00000000         0.00000000         0.00000000      
   0.00000000         0.00000000         0.00000000         0.00000000         0.00000000      
   0.00000000         0.00000000         0.00000000         0.00000000         0.00000000      
   0.00000000         0.00000000         0.00000000         0.00000000         0.00000000      
   0.00000000         0.00000000         0.00000000         0.00000000         0.00000000      
   0.00000000         0.00000000         0.00000000         0.00000000         0.00000000      
   0.00000000         0.00000000         0.00000000         0.00000000         0.00000000      
   0.00000000         0.00000000         0.00000000         0.00000000         0.00000000      
   0.00000000         0.00000000         0.00000000         0.00000000         0.00000000      
   0.00000000         0.00000000         0.00000000         0.00000000         0.00000000      
   0.00000000         0.00000000         0.00000000         0.00000000         0.00000000      
   0.00000000         0.00000000         0.00000000         0.00000000         0.00000000      
   0.00000000         0.00000000         0.00000000         0.00000000         0.00000000      
   0.00000000         0.00000000         0.00000000         0.00000000         0.00000000      
   0.00000000         0.00000000         0.00000000         0.00000000         0.00000000      
   0.00000000         0.00000000         0.00000000         0.00000000         0.00000000      
   0.00000000         0.00000000         0.00000000         0.00000000         0.00000000      
   0.00000000         0.00000000         0.00000000         0.00000000         0.00000000      
   0.00000000         0.00000000         0.00000000         0.00000000         0.00000000      
   0.00000000         0.00000000         0.00000000         0.00000000         0.00000000      
   0.00000000         0.00000000         0.00000000         0.00000000         9.13660612E-41  
   0.00000000         0.00000000         0.00000000         0.00000000         0.00000000      
   0.00000000         0.00000000         0.00000000         0.00000000         0.00000000      
   0.00000000         0.00000000         0.00000000         0.00000000         0.00000000      
   0.00000000         0.00000000         0.00000000         0.00000000         0.00000000      
   0.00000000         0.00000000         0.00000000         9.13660612E-41     0.00000000      
   0.00000000         0.00000000         0.00000000         0.00000000         0.00000000      
   0.00000000         0.00000000         0.00000000         0.00000000         0.00000000      
   0.00000000         0.00000000         0.00000000         0.00000000         0.00000000      
   0.00000000         0.00000000         0.00000000         0.00000000         0.00000000      
   0.00000000         0.00000000         9.13660612E-41     0.00000000         0.00000000      
   0.00000000         0.00000000         0.00000000         0.00000000         0.00000000      
   0.00000000         0.00000000         0.00000000         0.00000000         0.00000000      
   0.00000000         0.00000000         0.00000000         0.00000000         0.00000000      
   0.00000000         0.00000000         0.00000000         0.00000000         0.00000000      
   0.00000000         9.13660612E-41     0.00000000         0.00000000         0.00000000      
   0.00000000         0.00000000         0.00000000         0.00000000         0.00000000      
   0.00000000         0.00000000         0.00000000         0.00000000         0.00000000      
   0.00000000         0.00000000         0.00000000         0.00000000         0.00000000      
   0.00000000         0.00000000         0.00000000         0.00000000         0.00000000      
   9.13660612E-41     0.00000000         0.00000000         0.00000000         0.00000000      
   0.00000000         0.00000000         0.00000000         0.00000000         0.00000000      
   0.00000000         0.00000000         0.00000000         0.00000000         0.00000000      
   0.00000000         0.00000000         0.00000000         0.00000000         0.00000000      
   0.00000000         0.00000000         0.00000000         0.00000000         0.00000000      
   0.00000000         0.00000000         0.00000000         0.00000000         0.00000000      
   0.00000000         0.00000000         0.00000000         0.00000000         0.00000000      
   0.00000000         0.00000000         0.00000000         0.00000000         0.00000000      
   0.00000000         0.00000000         0.00000000         0.00000000         0.00000000      
   0.00000000         0.00000000         0.00000000         0.00000000         0.00000000      
   0.00000000         0.00000000         0.00000000         0.00000000         0.00000000      
   0.00000000         0.00000000         0.00000000         0.00000000         0.00000000      
   0.00000000         0.00000000         0.00000000         0.00000000         0.00000000      
   0.00000000         0.00000000         0.00000000         0.00000000         0.00000000      
   0.00000000         0.00000000         0.00000000         0.00000000         0.00000000      
   0.00000000         0.00000000         0.00000000         0.00000000         0.00000000      
   0.00000000         0.00000000         0.00000000         0.00000000         0.00000000      
   0.00000000         0.00000000         0.00000000         0.00000000         0.00000000      
   0.00000000         0.00000000         0.00000000         0.00000000         0.00000000      
   0.00000000         0.00000000         0.00000000         0.00000000         0.00000000      
   0.00000000         0.00000000         0.00000000         0.00000000         0.00000000      
   0.00000000         0.00000000         0.00000000         0.00000000         0.00000000      
   0.00000000         0.00000000         0.00000000         0.00000000         0.00000000      
   0.00000000         0.00000000         0.00000000         0.00000000         0.00000000      
   0.00000000         0.00000000         0.00000000         0.00000000         0.00000000      
   0.00000000         0.00000000         0.00000000         0.00000000         0.00000000      
   0.00000000         0.00000000         0.00000000         0.00000000         0.00000000      
   0.00000000         0.00000000         0.00000000         0.00000000         0.00000000      
   0.00000000         0.00000000         0.00000000         0.00000000         0.00000000      
   0.00000000         0.00000000         0.00000000         0.00000000         0.00000000      
   0.00000000         0.00000000         0.00000000         0.00000000         0.00000000      
   0.00000000         0.00000000         0.00000000         0.00000000         0.00000000      
   0.00000000         0.00000000         0.00000000         0.00000000         0.00000000      
   0.00000000         0.00000000         0.00000000         0.00000000         0.00000000      
   0.00000000         0.00000000         0.00000000         0.00000000         0.00000000      
   0.00000000         0.00000000         0.00000000         0.00000000         0.00000000      
   0.00000000         0.00000000         0.00000000         0.00000000         0.00000000      
   0.00000000         0.00000000         0.00000000         0.00000000         0.00000000      
   0.00000000         0.00000000         0.00000000         0.00000000         0.00000000      
   0.00000000         0.00000000         0.00000000         0.00000000         0.00000000      
   0.00000000         0.00000000         0.00000000         0.00000000         0.00000000      
   0.00000000         0.00000000         0.00000000         0.00000000         0.00000000      
   0.00000000         0.00000000         0.00000000         0.00000000         0.00000000      
   0.00000000         0.00000000         0.00000000         0.00000000         0.00000000      
   0.00000000         0.00000000         0.00000000         0.00000000         0.00000000      
   0.00000000         0.00000000         0.00000000         0.00000000         0.00000000      
   0.00000000         0.00000000         0.00000000         0.00000000         0.00000000      
   0.00000000         0.00000000         0.00000000         0.00000000         0.00000000      
   0.00000000         0.00000000         0.00000000         0.00000000         0.00000000      
   0.00000000         0.00000000         0.00000000         0.00000000         0.00000000      
   0.00000000         0.00000000         0.00000000         0.00000000         0.00000000      
   0.00000000         0.00000000         0.00000000         0.00000000         0.00000000      
   0.00000000         0.00000000         0.00000000         0.00000000         0.00000000      
   0.00000000         0.00000000         0.00000000         0.00000000         0.00000000      
   0.00000000         0.00000000         0.00000000         0.00000000         0.00000000      
   0.00000000         0.00000000         0.00000000         0.00000000         0.00000000      
   0.00000000         0.00000000         0.00000000         0.00000000         0.00000000      
   0.00000000         0.00000000         0.00000000         0.00000000         0.00000000      
   0.00000000         0.00000000         0.00000000         0.00000000         0.00000000      
   0.00000000         0.00000000         0.00000000         0.00000000         0.00000000      
   0.00000000         0.00000000         0.00000000         0.00000000         0.00000000      
   0.00000000         0.00000000         0.00000000         0.00000000         0.00000000      
   0.00000000         0.00000000         0.00000000         0.00000000         0.00000000      
   0.00000000         0.00000000         0.00000000         0.00000000         0.00000000      
   0.00000000         0.00000000         0.00000000         0.00000000         0.00000000      
   0.00000000         0.00000000         0.00000000         0.00000000         0.00000000      
   0.00000000         0.00000000         0.00000000         0.00000000         0.00000000      
   0.00000000         0.00000000         0.00000000         0.00000000         0.00000000      
   0.00000000         0.00000000         0.00000000         0.00000000         0.00000000      
   0.00000000         0.00000000         0.00000000         0.00000000         0.00000000      
   0.00000000         0.00000000         0.00000000         0.00000000         0.00000000      
   0.00000000         0.00000000         0.00000000         0.00000000         0.00000000      
   0.00000000         0.00000000         0.00000000         0.00000000         0.00000000      
   0.00000000         0.00000000         0.00000000         0.00000000         0.00000000      
   0.00000000         0.00000000         0.00000000         0.00000000         0.00000000      
   0.00000000         0.00000000         0.00000000         0.00000000         0.00000000      
   0.00000000         0.00000000         0.00000000         0.00000000         0.00000000      
   0.00000000         0.00000000         0.00000000         0.00000000         0.00000000      
   0.00000000         0.00000000         0.00000000         0.00000000         0.00000000      
   0.00000000         0.00000000         0.00000000         0.00000000         0.00000000      
   0.00000000         0.00000000         0.00000000         0.00000000         0.00000000      
   0.00000000         0.00000000         0.00000000         0.00000000         0.00000000      
   0.00000000         0.00000000         0.00000000         0.00000000         0.00000000      
   0.00000000         0.00000000         0.00000000         0.00000000         0.00000000      
   0.00000000         0.00000000         0.00000000         0.00000000         0.00000000      
   0.00000000         0.00000000         0.00000000         0.00000000         0.00000000      
   0.00000000         0.00000000         0.00000000         0.00000000         0.00000000      
   0.00000000         0.00000000         0.00000000         0.00000000         0.00000000      
   0.00000000         0.00000000         0.00000000         0.00000000         0.00000000      
   0.00000000         0.00000000         0.00000000         0.00000000         0.00000000      
   0.00000000         0.00000000         0.00000000         0.00000000         0.00000000      
   0.00000000         0.00000000         0.00000000         0.00000000         0.00000000      
   0.00000000         0.00000000         0.00000000         0.00000000         0.00000000      
   0.00000000         0.00000000         0.00000000         0.00000000         0.00000000      
   0.00000000         0.00000000         0.00000000         0.00000000         0.00000000      
   0.00000000         0.00000000         0.00000000         0.00000000         0.00000000      
   0.00000000         0.00000000         0.00000000         0.00000000         0.00000000      
   0.00000000         0.00000000         0.00000000         0.00000000         0.00000000      
   0.00000000         0.00000000         0.00000000         0.00000000         0.00000000      
   0.00000000         0.00000000         0.00000000         0.00000000         0.00000000      
   0.00000000         0.00000000         0.00000000         0.00000000         0.00000000      
   0.00000000         0.00000000         0.00000000         0.00000000         0.00000000      
   0.00000000         0.00000000         0.00000000         0.00000000         0.00000000      
   0.00000000         0.00000000         0.00000000         0.00000000         0.00000000      
   0.00000000         0.00000000         0.00000000         0.00000000         0.00000000      
   0.00000000         0.00000000         0.00000000         0.00000000         0.00000000      
   0.00000000         0.00000000         0.00000000         0.00000000         0.00000000      
   0.00000000         0.00000000         0.00000000         0.00000000         0.00000000      
   0.00000000         0.00000000         0.00000000         0.00000000         0.00000000      
   0.00000000         0.00000000         0.00000000         0.00000000         0.00000000      
   0.00000000         0.00000000         0.00000000         0.00000000         0.00000000      
   0.00000000         0.00000000         0.00000000         0.00000000         0.00000000      
   0.00000000         0.00000000         0.00000000         0.00000000         0.00000000      
   0.00000000         0.00000000         0.00000000         0.00000000         0.00000000      
   0.00000000         0.00000000         0.00000000         0.00000000         0.00000000      
   0.00000000         0.00000000         0.00000000         0.00000000         0.00000000      
   0.00000000         0.00000000         0.00000000         0.00000000         0.00000000      
   0.00000000         0.00000000         0.00000000         0.00000000         0.00000000      
   0.00000000         0.00000000         0.00000000         0.00000000         0.00000000      
   0.00000000         0.00000000         0.00000000         0.00000000         0.00000000      
   0.00000000         0.00000000         0.00000000         0.00000000         0.00000000      
   0.00000000         0.00000000         0.00000000         0.00000000         0.00000000      
   0.00000000         0.00000000         0.00000000         0.00000000         0.00000000      
   0.00000000         0.00000000         0.00000000         0.00000000         0.00000000      
   0.00000000         0.00000000         0.00000000         0.00000000         0.00000000      
   0.00000000         0.00000000         0.00000000         0.00000000         0.00000000      
   0.00000000         0.00000000         0.00000000         0.00000000         0.00000000      
   0.00000000         0.00000000         0.00000000         0.00000000         0.00000000      
   0.00000000         0.00000000         0.00000000         0.00000000         0.00000000      
   0.00000000         0.00000000         0.00000000         0.00000000         0.00000000      
   0.00000000         0.00000000         0.00000000         0.00000000         0.00000000      
   0.00000000         0.00000000         0.00000000         0.00000000         0.00000000      
   0.00000000         0.00000000         0.00000000         0.00000000         0.00000000      
   0.00000000         0.00000000         0.00000000         0.00000000         0.00000000      
   0.00000000         0.00000000         0.00000000         0.00000000         0.00000000      
   0.00000000         0.00000000         0.00000000         0.00000000         0.00000000      
   0.00000000         0.00000000         0.00000000         0.00000000         0.00000000      
   0.00000000         0.00000000         0.00000000         0.00000000         0.00000000      
   0.00000000         0.00000000         0.00000000         0.00000000         0.00000000      
   0.00000000         0.00000000         0.00000000         0.00000000         0.00000000      
   0.00000000         0.00000000         0.00000000         0.00000000         0.00000000      
   0.00000000         0.00000000         0.00000000         0.00000000         0.00000000      
   0.00000000         0.00000000         0.00000000         0.00000000         0.00000000      
   0.00000000         0.00000000         0.00000000         0.00000000         0.00000000      
   0.00000000         0.00000000         0.00000000         0.00000000         0.00000000      
   0.00000000         0.00000000         0.00000000         0.00000000         0.00000000      
   0.00000000         0.00000000         0.00000000         0.00000000         0.00000000      
   0.00000000         0.00000000         0.00000000         0.00000000         0.00000000      
   0.00000000         0.00000000         0.00000000         0.00000000         0.00000000      
   0.00000000         0.00000000         0.00000000         0.00000000         0.00000000      
   0.00000000         0.00000000         0.00000000         0.00000000         0.00000000      
   0.00000000         0.00000000         0.00000000         0.00000000         0.00000000      
   0.00000000         0.00000000         0.00000000         0.00000000         0.00000000      
   0.00000000         0.00000000         0.00000000         0.00000000         0.00000000      
   0.00000000         0.00000000         0.00000000         0.00000000         0.00000000      
   0.00000000         0.00000000         0.00000000         0.00000000         0.00000000      
   0.00000000         0.00000000         0.00000000         0.00000000         0.00000000      
   0.00000000         0.00000000         0.00000000         0.00000000         0.00000000      
   0.00000000         0.00000000         0.00000000         0.00000000         0.00000000      
   0.00000000         0.00000000         0.00000000         0.00000000         0.00000000      
   0.00000000         0.00000000         0.00000000         0.00000000         0.00000000      
   0.00000000         0.00000000         0.00000000         0.00000000         0.00000000      
   0.00000000         0.00000000         0.00000000         0.00000000         0.00000000      
   0.00000000         0.00000000         0.00000000         0.00000000         0.00000000      
   0.00000000         0.00000000         0.00000000         0.00000000         0.00000000      
   0.00000000         0.00000000         0.00000000         0.00000000         0.00000000      
   0.00000000         0.00000000         0.00000000         0.00000000         0.00000000      
   0.00000000         0.00000000         0.00000000         0.00000000         0.00000000      
   0.00000000         0.00000000         0.00000000         0.00000000         0.00000000      
   0.00000000         0.00000000         0.00000000         0.00000000         0.00000000      
   0.00000000         0.00000000         0.00000000         0.00000000         0.00000000      
   0.00000000         0.00000000         0.00000000         0.00000000         0.00000000      
   0.00000000         0.00000000         0.00000000         0.00000000         0.00000000      
   0.00000000         0.00000000         0.00000000         0.00000000         0.00000000      
   0.00000000         0.00000000         0.00000000         0.00000000         0.00000000      
   0.00000000         0.00000000         0.00000000         0.00000000         0.00000000      
   0.00000000         0.00000000         0.00000000         0.00000000         0.00000000      
   0.00000000         0.00000000         0.00000000         0.00000000         0.00000000      
   0.00000000         0.00000000         0.00000000         0.00000000         0.00000000      
   0.00000000         0.00000000         0.00000000         0.00000000         0.00000000      
   0.00000000         0.00000000         0.00000000         0.00000000         0.00000000      
   0.00000000         0.00000000         0.00000000         0.00000000         0.00000000      
   0.00000000         0.00000000         0.00000000         0.00000000         0.00000000      
   0.00000000         0.00000000         0.00000000         0.00000000         0.00000000      
   0.00000000         0.00000000         0.00000000         0.00000000         0.00000000      
   0.00000000         0.00000000         0.00000000         0.00000000         0.00000000      
   0.00000000         0.00000000         0.00000000         0.00000000         0.00000000      
   0.00000000         0.00000000         0.00000000         0.00000000         0.00000000      
   0.00000000         0.00000000         0.00000000         0.00000000         0.00000000      
   0.00000000         0.00000000         0.00000000         0.00000000         0.00000000      
   0.00000000         0.00000000         0.00000000         0.00000000         0.00000000      
   0.00000000         0.00000000         0.00000000         0.00000000         0.00000000      
   0.00000000         0.00000000         0.00000000         0.00000000         0.00000000      
   0.00000000         0.00000000         0.00000000         0.00000000         0.00000000      
   0.00000000         0.00000000         0.00000000         0.00000000         0.00000000      
   0.00000000         0.00000000         0.00000000         0.00000000         0.00000000      
   0.00000000         0.00000000         0.00000000         0.00000000         0.00000000      
   0.00000000         0.00000000         0.00000000         0.00000000         0.00000000      
   0.00000000         0.00000000         0.00000000         0.00000000         0.00000000      
   0.00000000         0.00000000         0.00000000         0.00000000         0.00000000      
   0.00000000         0.00000000         0.00000000         0.00000000         0.00000000      
   0.00000000         0.00000000         0.00000000         0.00000000         0.00000000      
   0.00000000         0.00000000         0.00000000         0.00000000         0.00000000      
   0.00000000         0.00000000         0.00000000         0.00000000         0.00000000      
   0.00000000         0.00000000         0.00000000         0.00000000         0.00000000      
   0.00000000         0.00000000         0.00000000         0.00000000         0.00000000      
   0.00000000         0.00000000         0.00000000         0.00000000         0.00000000      
   0.00000000         0.00000000         0.00000000         0.00000000         0.00000000      
   0.00000000         0.00000000         0.00000000         0.00000000         0.00000000      
   0.00000000         0.00000000         0.00000000         0.00000000         0.00000000      
   0.00000000         0.00000000         0.00000000         0.00000000         0.00000000      
   0.00000000         0.00000000         0.00000000         0.00000000         0.00000000      
   0.00000000         0.00000000         0.00000000         0.00000000         0.00000000      
   0.00000000         0.00000000         0.00000000         0.00000000         0.00000000      
   0.00000000         0.00000000         0.00000000         0.00000000         0.00000000      
   0.00000000         0.00000000         0.00000000         0.00000000         0.00000000      
   0.00000000         0.00000000         0.00000000         0.00000000         0.00000000      
   0.00000000         0.00000000         0.00000000         0.00000000         0.00000000      
   0.00000000         0.00000000         0.00000000         0.00000000         0.00000000      
   0.00000000         0.00000000         0.00000000         0.00000000         0.00000000      
   0.00000000         0.00000000         0.00000000         0.00000000         0.00000000      
   0.00000000         0.00000000         0.00000000         0.00000000         0.00000000      

